Днепр
3
491.59
323.65
44.91
159103
7.14532e+06
Титикака
3
491.59
323.65
44.91
159103
7.14532e+06
Миссисипи
0
5.54
8.92
0.55
49.4168
27.1792
Чад
3
451.49
184.18
19.36
83155.4
1.60989e+06
Тонлесап
0
5.45
9.77
0.12
53.2465
6.38958
Рудольф
0
5.45
9.77
0.12
53.2465
6.38958
Онтарио
4
911.08
813.04
425.5
740744
3.15187e+08
Венерн
1
26.03
10.31
8.22
268.369
2206
Одер
4
872.99
675.57
150.95
589766
8.90252e+07
Зюраткуль
4
872.99
675.57
150.95
589766
8.90252e+07
Миссисипи
0
2.28
2.55
0.42
5.814
2.44188
Енисей
3
188.23
406.81
5.68
76573.8
434939
Балатон
0
2.18
3.08
0.67
6.7144
4.49865
Днестр
0
2.18
3.08
0.67
6.7144
4.49865
Ока
4
648.81
768.35
180.13
498513
8.97972e+07
Нил
1
12.77
32.62
3.86
416.557
1607.91
Атабаска
4
608.72
629.88
405.59
383421
1.55512e+08
Нева
4
608.72
629.88
405.59
383421
1.55512e+08
Виннипег
1
5.35
43.15
8.32
230.852
1920.69
Виктория
5
569.31
2258.74
362.04
1.28592e+06
4.65556e+08
Тигр
1
35.92
35.93
10.29
1290.61
13280.3
Тонлесап
4
100.88
699.2
152.01
70535.3
1.07221e+07
Эри
1
46.83
46.46
5.74
2175.72
12488.6
Ньяса
1
46.83
46.46
5.74
2175.72
12488.6
Мичиган
5
60.46
3561.73
109.47
215342
2.35735e+07
Атабаска
2
56.42
875.32
22.2
49385.6
1.09636e+06
Онтарио
5
3020.37
1422.59
334.92
4.29675e+06
1.43907e+09
Бангвеулу
5
3020.37
1422.59
334.92
4.29675e+06
1.43907e+09
Дон
2
16
736.85
47.65
11789.6
561774
Чад
0
1.96
1.12
0.58
2.1952
1.27322
Танганьика
2
86.08
547.35
38.8
47115.9
1.8281e+06
Титикака
5
1483.03
4861.62
182.53
7.20993e+06
1.31603e+09
Одер
2
47.67
408.89
45.25
19491.8
882003
Маракайбо
0
3.62
3.15
0.06
11.403
0.68418
Тонлесап
3
307.57
37.42
19.71
11509.3
226848
Виктория
0
3.53
4.69
0.31
16.5557
5.13227
Зюраткуль
0
3.53
4.69
0.31
16.5557
5.13227
Альберт
3
499.16
398.27
44.84
198800
8.91421e+06
Бангвеулу
1
14.11
13.54
7.57
191.049
1446.24
Гурон
4
460.07
527.81
469.3
242830
1.1396e+08
Маракайбо
1
17.81
33.81
3.54
602.156
2131.63
Байкал
5
1263.77
4197.07
386.94
5.30413e+06
2.05238e+09
Одер
5
1263.77
4197.07
386.94
5.30413e+06
2.05238e+09
Венерн
2
27.4
512.34
48.67
14038.1
683235
Балатон
5
4223.35
2058.61
110.4
8.69423e+06
9.59843e+08
Темза
3
88.31
373.88
5.12
33017.3
169049
Волга
0
4.26
8.46
0.66
36.0396
23.7861
Нил
0
4.26
8.46
0.66
36.0396
23.7861
Виктория
3
48.89
234.73
30.58
11475.9
350935
Танганьика
0
4.85
9
0.91
43.65
39.7215
